julia> 

Starting Vinberg algorithm for no. 1
Gram matrix 
[1 0 0 0 0 0; 0 1 0 0 0 0; 0 0 1 0 0 0; 0 0 0 1 0 0; 0 0 0 0 1 0; 0 0 0 0 0 -1]
Basepoint 
nf_elem[0, 0, 0, 0, 0, 1]
Roots 
Cone roots 
5-element Vector{Vector{nf_elem}}:
 [-1, 0, 0, 0, 0, 0]
 [1, -1, 0, 0, 0, 0]
 [0, 1, -1, 0, 0, 0]
 [0, 0, 1, -1, 0, 0]
 [0, 0, 0, 1, -1, 0]
Remaining roots 
[0, 0, 1, 1, 1, 1]
Number of roots: 6
All roots found: 
Vector{nf_elem}[[-1, 0, 0, 0, 0, 0], [1, -1, 0, 0, 0, 0], [0, 1, -1, 0, 0, 0], [0, 0, 1, -1, 0, 0], [0, 0, 0, 1, -1, 0], [0, 0, 1, 1, 1, 1]]

Does *not* have an isolated root (bad) 
Starting Vinberg algorithm for no. 2
Gram matrix 
[0 -1 0 0 1 0; -1 -2 0 0 1 -1; 0 0 2 -1 1 -1; 0 0 -1 2 -1 1; 1 1 1 -1 2 0; 0 -1 -1 1 0 2]
Basepoint 
nf_elem[0, 1, 0, 0, 0, 0]
Roots 
Cone roots 
5-element Vector{Vector{nf_elem}}:
 [2, -1, 0, 0, 0, 0]
 [0, 0, -1, 0, 0, 0]
 [0, 0, 0, -1, 0, 0]
 [1, -1, 1, 0, -1, 0]
 [1, 0, 0, 1, 0, -1]
Remaining roots 
nf_elem[-3, 2, 0, 0, 1, 1]
Number of roots: 6
All roots found: 
Vector{nf_elem}[[2, -1, 0, 0, 0, 0], [0, 0, -1, 0, 0, 0], [0, 0, 0, -1, 0, 0], [1, -1, 1, 0, -1, 0], [1, 0, 0, 1, 0, -1], [-3, 2, 0, 0, 1, 1]]

Does *not* have an isolated root (bad) 
Starting Vinberg algorithm for no. 3
Gram matrix 
[1 0 0 0 0 0; 0 1 0 0 0 0; 0 0 1 0 0 0; 0 0 0 -1 0 0; 0 0 0 0 2 1; 0 0 0 0 1 2]
Basepoint 
nf_elem[0, 0, 0, 1, 0, 0]
Roots 
Cone roots 
5-element Vector{Vector{nf_elem}}:
 [-1, 0, 0, 0, 0, 0]
 [1, -1, 0, 0, 0, 0]
 [0, 1, -1, 0, 0, 0]
 [0, 0, 0, 0, -1, 0]
 [0, 0, 0, 0, 2, -1]
Remaining roots 
nf_elem[1, 1, 1, 1, 0, 0]
nf_elem[0, 0, 1, 1, 0, 1]
Number of roots: 7
All roots found: 
Vector{nf_elem}[[-1, 0, 0, 0, 0, 0], [1, -1, 0, 0, 0, 0], [0, 1, -1, 0, 0, 0], [0, 0, 0, 0, -1, 0], [0, 0, 0, 0, 2, -1], [1, 1, 1, 1, 0, 0], [0, 0, 1, 1, 0, 1]]

Does *not* have an isolated root (bad) 
Starting Vinberg algorithm for no. 4
Gram matrix 
[1 0 0 0 0 0; 0 1 0 0 0 0; 0 0 1 0 0 0; 0 0 0 1 0 0; 0 0 0 0 -1 0; 0 0 0 0 0 3]
Basepoint 
nf_elem[0, 0, 0, 0, 1, 0]
Roots 
Cone roots 
5-element Vector{Vector{nf_elem}}:
 [-1, 0, 0, 0, 0, 0]
 [1, -1, 0, 0, 0, 0]
 [0, 1, -1, 0, 0, 0]
 [0, 0, 1, -1, 0, 0]
 [0, 0, 0, 0, 0, -1]
Remaining roots 
nf_elem[0, 0, 0, 0, 1, 1]
nf_elem[0, 1, 1, 1, 1, 0]
nf_elem[0, 0, 0, 3, 3, 1]
Number of roots: 8
All roots found: 
Vector{nf_elem}[[-1, 0, 0, 0, 0, 0], [1, -1, 0, 0, 0, 0], [0, 1, -1, 0, 0, 0], [0, 0, 1, -1, 0, 0], [0, 0, 0, 0, 0, -1], [0, 0, 0, 0, 1, 1], [0, 1, 1, 1, 1, 0], [0, 0, 0, 3, 3, 1]]

Has an isolated root (good) 
Starting Vinberg algorithm for no. 5
Gram matrix 
[0 -1 0 0 -1 -2; -1 -2 -1 1 0 0; 0 -1 2 0 0 0; 0 1 0 2 1 1; -1 0 0 1 10 2; -2 0 0 1 2 12]
Basepoint 
nf_elem[0, 1, 0, 0, 0, 0]
Roots 
Cone roots 
5-element Vector{Vector{nf_elem}}:
 [2, -1, 0, 0, 0, 0]
 [1, 0, -1, 0, 0, 0]
 [-1, 0, 0, -1, 0, 0]
 [-4, 2, 1, 1, 0, -1]
 [-15, 5, 4, -1, -1, -2]
Remaining roots 
nf_elem[5, -1, -1, 1, 0, 1]
nf_elem[12, -4, -2, 1, 1, 2]
Number of roots: 7
All roots found: 
Vector{nf_elem}[[2, -1, 0, 0, 0, 0], [1, 0, -1, 0, 0, 0], [-1, 0, 0, -1, 0, 0], [-4, 2, 1, 1, 0, -1], [-15, 5, 4, -1, -1, -2], [5, -1, -1, 1, 0, 1], [12, -4, -2, 1, 1, 2]]

Does *not* have an isolated root (bad) 
Starting Vinberg algorithm for no. 6
Gram matrix 
[1 0 0 0 0 0; 0 1 0 0 0 0; 0 0 1 0 0 0; 0 0 0 1 0 0; 0 0 0 0 -2 1; 0 0 0 0 1 2]
Basepoint 
nf_elem[0, 0, 0, 0, 1, 0]
Roots 
Cone roots 
5-element Vector{Vector{nf_elem}}:
 [-1, 0, 0, 0, 0, 0]
 [1, -1, 0, 0, 0, 0]
 [0, 1, -1, 0, 0, 0]
 [0, 0, 1, -1, 0, 0]
 [0, 0, 0, 0, -1, -2]
Remaining roots 
nf_elem[0, 0, 0, 0, 1, 1]
nf_elem[0, 0, 0, 2, 1, 0]
nf_elem[1, 1, 1, 1, 1, 0]
nf_elem[0, 0, 5, 5, 6, 2]
Number of roots: 9
All roots found: 
Vector{nf_elem}[[-1, 0, 0, 0, 0, 0], [1, -1, 0, 0, 0, 0], [0, 1, -1, 0, 0, 0], [0, 0, 1, -1, 0, 0], [0, 0, 0, 0, -1, -2], [0, 0, 0, 0, 1, 1], [0, 0, 0, 2, 1, 0], [1, 1, 1, 1, 1, 0], [0, 0, 5, 5, 6, 2]]

Has an isolated root (good) 
Starting Vinberg algorithm for no. 7
Gram matrix 
[1 0 0 0 0 0; 0 1 0 0 0 0; 0 0 1 0 0 0; 0 0 0 1 0 0; 0 0 0 0 1 0; 0 0 0 0 0 -2]
Basepoint 
nf_elem[0, 0, 0, 0, 0, 1]
Roots 
Cone roots 
5-element Vector{Vector{nf_elem}}:
 [-1, 0, 0, 0, 0, 0]
 [1, -1, 0, 0, 0, 0]
 [0, 1, -1, 0, 0, 0]
 [0, 0, 1, -1, 0, 0]
 [0, 0, 0, 1, -1, 0]
Remaining roots 
nf_elem[0, 0, 0, 0, 2, 1]
nf_elem[0, 1, 1, 1, 1, 1]
Number of roots: 7
All roots found: 
Vector{nf_elem}[[-1, 0, 0, 0, 0, 0], [1, -1, 0, 0, 0, 0], [0, 1, -1, 0, 0, 0], [0, 0, 1, -1, 0, 0], [0, 0, 0, 1, -1, 0], [0, 0, 0, 0, 2, 1], [0, 1, 1, 1, 1, 1]]

Has an isolated root (good) 
Starting Vinberg algorithm for no. 8
Gram matrix 
[1 0 0 0 0 0; 0 1 0 0 0 0; 0 0 1 0 0 0; 0 0 0 1 0 0; 0 0 0 0 -1 0; 0 0 0 0 0 6]
Basepoint 
nf_elem[0, 0, 0, 0, 1, 0]
Roots 
Cone roots 
5-element Vector{Vector{nf_elem}}:
 [-1, 0, 0, 0, 0, 0]
 [1, -1, 0, 0, 0, 0]
 [0, 1, -1, 0, 0, 0]
 [0, 0, 1, -1, 0, 0]
 [0, 0, 0, 0, 0, -1]
Remaining roots 
nf_elem[0, 1, 1, 1, 1, 0]
nf_elem[0, 0, 0, 3, 3, 1]
nf_elem[0, 0, 0, 0, 2, 1]
nf_elem[1, 1, 1, 1, 3, 1]
Number of roots: 9
All roots found: 
Vector{nf_elem}[[-1, 0, 0, 0, 0, 0], [1, -1, 0, 0, 0, 0], [0, 1, -1, 0, 0, 0], [0, 0, 1, -1, 0, 0], [0, 0, 0, 0, 0, -1], [0, 1, 1, 1, 1, 0], [0, 0, 0, 3, 3, 1], [0, 0, 0, 0, 2, 1], [1, 1, 1, 1, 3, 1]]

Has an isolated root (good) 
Starting Vinberg algorithm for no. 9
Gram matrix 
[1 0 0 0 0 0; 0 1 0 0 0 0; 0 0 1 0 0 0; 0 0 0 1 0 0; 0 0 0 0 1 0; 0 0 0 0 0 -6]
Basepoint 
nf_elem[0, 0, 0, 0, 0, 1]
Roots 
Cone roots 
5-element Vector{Vector{nf_elem}}:
 [-1, 0, 0, 0, 0, 0]
 [1, -1, 0, 0, 0, 0]
 [0, 1, -1, 0, 0, 0]
 [0, 0, 1, -1, 0, 0]
 [0, 0, 0, 1, -1, 0]
Remaining roots 
nf_elem[0, 0, 0, 0, 3, 1]
nf_elem[0, 0, 0, 2, 2, 1]
nf_elem[1, 1, 1, 1, 2, 1]
nf_elem[0, 0, 3, 3, 3, 2]
Number of roots: 9
All roots found: 
Vector{nf_elem}[[-1, 0, 0, 0, 0, 0], [1, -1, 0, 0, 0, 0], [0, 1, -1, 0, 0, 0], [0, 0, 1, -1, 0, 0], [0, 0, 0, 1, -1, 0], [0, 0, 0, 0, 3, 1], [0, 0, 0, 2, 2, 1], [1, 1, 1, 1, 2, 1], [0, 0, 3, 3, 3, 2]]

Has an isolated root (good) 
Starting Vinberg algorithm for no. 10
Gram matrix 
[1 0 0 0 0 0; 0 1 0 0 0 0; 0 0 1 0 0 0; 0 0 0 1 0 0; 0 0 0 0 -1 0; 0 0 0 0 0 7]
Basepoint 
nf_elem[0, 0, 0, 0, 1, 0]
Roots 
Cone roots 
5-element Vector{Vector{nf_elem}}:
 [-1, 0, 0, 0, 0, 0]
 [1, -1, 0, 0, 0, 0]
 [0, 1, -1, 0, 0, 0]
 [0, 0, 1, -1, 0, 0]
 [0, 0, 0, 0, 0, -1]
Remaining roots 
nf_elem[0, 1, 1, 1, 1, 0]
nf_elem[0, 0, 0, 0, 7, 3]
nf_elem[0, 0, 0, 2, 3, 1]
nf_elem[1, 1, 1, 1, 3, 1]
nf_elem[0, 0, 0, 7, 7, 1]
nf_elem[0, 0, 7, 7, 14, 4]
Number of roots: 11
All roots found: 
Vector{nf_elem}[[-1, 0, 0, 0, 0, 0], [1, -1, 0, 0, 0, 0], [0, 1, -1, 0, 0, 0], [0, 0, 1, -1, 0, 0], [0, 0, 0, 0, 0, -1], [0, 1, 1, 1, 1, 0], [0, 0, 0, 0, 7, 3], [0, 0, 0, 2, 3, 1], [1, 1, 1, 1, 3, 1], [0, 0, 0, 7, 7, 1], [0, 0, 7, 7, 14, 4]]

Has an isolated root (good) 
Starting Vinberg algorithm for no. 11
Gram matrix 
[0 -1 0 0 0 -2; -1 0 0 0 1 -2; 0 0 2 -1 1 1; 0 0 -1 4 1 1; 0 1 1 1 4 1; -2 -2 1 1 1 -4]
Basepoint 
nf_elem[0, 40, 10, 6, -14, 0]
Roots 
Cone roots 
2-element Vector{Vector{nf_elem}}:
 [0, 0, -1, 0, 0, 0]
 [3, -3, 0, 0, 1, -1]
Remaining roots 
nf_elem[1, 3, 2, 1, -1, -1]
nf_elem[-1, -2, -1, -1, 1, 1]
nf_elem[-1, 5, 0, -1, -1, 0]
nf_elem[0, 1, 1, 0, -1, 0]
nf_elem[0, 1, 1, 1, -1, 0]
nf_elem[-2, 3, 0, 1, 0, 1]
nf_elem[-2, 2, 0, 0, -1, 1]
Number of roots: 9
All roots found: 
Vector{nf_elem}[[0, 0, -1, 0, 0, 0], [3, -3, 0, 0, 1, -1], [1, 3, 2, 1, -1, -1], [-1, -2, -1, -1, 1, 1], [-1, 5, 0, -1, -1, 0], [0, 1, 1, 0, -1, 0], [0, 1, 1, 1, -1, 0], [-2, 3, 0, 1, 0, 1], [-2, 2, 0, 0, -1, 1]]

Does *not* have an isolated root (bad) 
Starting Vinberg algorithm for no. 12
Gram matrix 
[1 0 0 0 0 0; 0 1 0 0 0 0; 0 0 1 0 0 0; 0 0 0 1 0 0; 0 0 0 0 -1 0; 0 0 0 0 0 15]
Basepoint 
nf_elem[0, 0, 0, 0, 1, 0]
Roots 
Cone roots 
5-element Vector{Vector{nf_elem}}:
 [-1, 0, 0, 0, 0, 0]
 [1, -1, 0, 0, 0, 0]
 [0, 1, -1, 0, 0, 0]
 [0, 0, 1, -1, 0, 0]
 [0, 0, 0, 0, 0, -1]
Remaining roots 
nf_elem[0, 1, 1, 1, 1, 0]
nf_elem[0, 0, 0, 0, 3, 1]
nf_elem[0, 0, 5, 5, 10, 2]
nf_elem[1, 1, 1, 3, 5, 1]
nf_elem[0, 0, 0, 15, 15, 1]
nf_elem[0, 0, 0, 10, 15, 3]
nf_elem[5, 5, 5, 5, 15, 3]
nf_elem[0, 0, 3, 9, 12, 2]
nf_elem[0, 0, 0, 6, 7, 1]
nf_elem[5, 5, 5, 35, 45, 7]
Number of roots: 15
All roots found: 
Vector{nf_elem}[[-1, 0, 0, 0, 0, 0], [1, -1, 0, 0, 0, 0], [0, 1, -1, 0, 0, 0], [0, 0, 1, -1, 0, 0], [0, 0, 0, 0, 0, -1], [0, 1, 1, 1, 1, 0], [0, 0, 0, 0, 3, 1], [0, 0, 5, 5, 10, 2], [1, 1, 1, 3, 5, 1], [0, 0, 0, 15, 15, 1], [0, 0, 0, 10, 15, 3], [5, 5, 5, 5, 15, 3], [0, 0, 3, 9, 12, 2], [0, 0, 0, 6, 7, 1], [5, 5, 5, 35, 45, 7]]

Has an isolated root (good) 
Starting Vinberg algorithm for no. 13
Gram matrix 
[1 0 0 0 0 0; 0 1 0 0 0 0; 0 0 1 0 0 0; 0 0 0 -2 1 0; 0 0 0 1 2 0; 0 0 0 0 0 3]
Basepoint 
nf_elem[0, 0, 0, 1, 0, 0]
Roots 
Cone roots 
5-element Vector{Vector{nf_elem}}:
 [-1, 0, 0, 0, 0, 0]
 [1, -1, 0, 0, 0, 0]
 [0, 1, -1, 0, 0, 0]
 [0, 0, 0, -1, -2, 0]
 [0, 0, 0, 0, 0, -1]
Remaining roots 
nf_elem[0, 0, 0, 1, 1, 0]
nf_elem[0, 0, 1, 1, 0, 1]
nf_elem[0, 0, 2, 1, 0, 0]
nf_elem[1, 1, 1, 1, 0, 0]
nf_elem[0, 5, 5, 6, 2, 0]
nf_elem[0, 3, 3, 3, 0, 1]
nf_elem[1, 2, 2, 3, 1, 1]
Number of roots: 12
All roots found: 
Vector{nf_elem}[[-1, 0, 0, 0, 0, 0], [1, -1, 0, 0, 0, 0], [0, 1, -1, 0, 0, 0], [0, 0, 0, -1, -2, 0], [0, 0, 0, 0, 0, -1], [0, 0, 0, 1, 1, 0], [0, 0, 1, 1, 0, 1], [0, 0, 2, 1, 0, 0], [1, 1, 1, 1, 0, 0], [0, 5, 5, 6, 2, 0], [0, 3, 3, 3, 0, 1], [1, 2, 2, 3, 1, 1]]

Has an isolated root (good) 
Starting Vinberg algorithm for no. 14
Gram matrix 
[1 0 0 0 0 0; 0 1 0 0 0 0; 0 0 1 0 0 0; 0 0 0 1 0 0; 0 0 0 0 -2 1; 0 0 0 0 1 7]
Basepoint 
nf_elem[0, 0, 0, 0, 1, 0]
Roots 
Cone roots 
5-element Vector{Vector{nf_elem}}:
 [-1, 0, 0, 0, 0, 0]
 [1, -1, 0, 0, 0, 0]
 [0, 1, -1, 0, 0, 0]
 [0, 0, 1, -1, 0, 0]
 [0, 0, 0, 0, -1, -2]
Remaining roots 
nf_elem[0, 0, 0, 2, 1, 0]
nf_elem[1, 1, 1, 1, 1, 0]
nf_elem[0, 0, 0, 0, 2, 1]
nf_elem[1, 1, 1, 2, 3, 1]
nf_elem[0, 0, 0, 5, 6, 2]
nf_elem[0, 1, 3, 3, 4, 1]
nf_elem[0, 0, 15, 15, 16, 2]
nf_elem[0, 0, 5, 5, 9, 3]
nf_elem[0, 0, 3, 6, 7, 2]
nf_elem[0, 15, 15, 15, 26, 7]
nf_elem[0, 15, 15, 30, 34, 8]
Number of roots: 16
All roots found: 
Vector{nf_elem}[[-1, 0, 0, 0, 0, 0], [1, -1, 0, 0, 0, 0], [0, 1, -1, 0, 0, 0], [0, 0, 1, -1, 0, 0], [0, 0, 0, 0, -1, -2], [0, 0, 0, 2, 1, 0], [1, 1, 1, 1, 1, 0], [0, 0, 0, 0, 2, 1], [1, 1, 1, 2, 3, 1], [0, 0, 0, 5, 6, 2], [0, 1, 3, 3, 4, 1], [0, 0, 15, 15, 16, 2], [0, 0, 5, 5, 9, 3], [0, 0, 3, 6, 7, 2], [0, 15, 15, 15, 26, 7], [0, 15, 15, 30, 34, 8]]

Has an isolated root (good) 
Starting Vinberg algorithm for no. 15
Gram matrix 
[1 0 0 0 0 0; 0 1 0 0 0 0; 0 0 1 0 0 0; 0 0 0 -1 0 0; 0 0 0 0 10 5; 0 0 0 0 5 10]
Basepoint 
nf_elem[0, 0, 0, 1, 0, 0]
Roots 
Cone roots 
5-element Vector{Vector{nf_elem}}:
 [-1, 0, 0, 0, 0, 0]
 [1, -1, 0, 0, 0, 0]
 [0, 1, -1, 0, 0, 0]
 [0, 0, 0, 0, -1, 0]
 [0, 0, 0, 0, 2, -1]
Remaining roots 
nf_elem[1, 1, 1, 1, 0, 0]
nf_elem[0, 0, 5, 5, 0, 1]
nf_elem[0, 0, 1, 3, 0, 1]
nf_elem[0, 0, 0, 5, -1, 2]
nf_elem[0, 2, 2, 4, 0, 1]
nf_elem[0, 0, 3, 6, -1, 2]
nf_elem[0, 2, 2, 6, -1, 2]
nf_elem[5, 5, 5, 15, 0, 4]
nf_elem[1, 2, 4, 7, -1, 2]
nf_elem[0, 15, 15, 30, -4, 8]
nf_elem[3, 3, 3, 12, -2, 4]
nf_elem[0, 5, 10, 20, -2, 6]
nf_elem[2, 2, 2, 9, -1, 3]
nf_elem[3, 4, 4, 13, -1, 4]
nf_elem[10, 10, 10, 30, -4, 9]
nf_elem[5, 5, 10, 30, -4, 10]
nf_elem[4, 4, 6, 14, -1, 4]
nf_elem[15, 15, 30, 60, -2, 16]
nf_elem[5, 15, 15, 35, -4, 10]
nf_elem[5, 5, 10, 25, -4, 8]
nf_elem[4, 4, 6, 16, -2, 5]
nf_elem[4, 6, 7, 17, -2, 5]
nf_elem[3, 4, 5, 13, -2, 4]
nf_elem[5, 5, 15, 30, -3, 9]
nf_elem[3, 5, 7, 19, -2, 6]
nf_elem[15, 30, 30, 75, -11, 22]
nf_elem[3, 6, 12, 24, -2, 7]
nf_elem[3, 3, 7, 14, -1, 4]
nf_elem[4, 5, 9, 20, -2, 6]
nf_elem[3, 7, 8, 20, -2, 6]
nf_elem[5, 10, 20, 45, -5, 14]
nf_elem[5, 15, 15, 45, -4, 14]
nf_elem[10, 10, 10, 35, -4, 11]
nf_elem[10, 15, 25, 50, -4, 14]
nf_elem[10, 15, 15, 50, -6, 16]
nf_elem[3, 3, 7, 16, -2, 5]
nf_elem[30, 30, 30, 90, -7, 26]
nf_elem[15, 15, 25, 55, -6, 16]
nf_elem[15, 20, 20, 55, -5, 16]
nf_elem[30, 30, 45, 105, -14, 31]
nf_elem[15, 30, 30, 105, -11, 34]
nf_elem[6, 6, 7, 20, -2, 6]
nf_elem[2, 6, 9, 20, -2, 6]
nf_elem[10, 15, 15, 45, -6, 14]
nf_elem[15, 15, 25, 65, -6, 20]
nf_elem[9, 12, 12, 36, -4, 11]
nf_elem[30, 30, 60, 120, -11, 34]
nf_elem[30, 45, 45, 120, -8, 34]
nf_elem[15, 25, 30, 70, -6, 20]
nf_elem[10, 20, 30, 70, -6, 21]
nf_elem[5, 9, 9, 24, -2, 7]
nf_elem[10, 15, 25, 55, -4, 16]
nf_elem[30, 30, 45, 135, -14, 43]
nf_elem[5, 9, 9, 26, -3, 8]
nf_elem[15, 25, 35, 85, -10, 26]
nf_elem[5, 8, 11, 27, -2, 8]
nf_elem[30, 60, 60, 150, -14, 43]
nf_elem[45, 45, 60, 150, -16, 44]
nf_elem[15, 45, 60, 150, -14, 46]
nf_elem[30, 30, 60, 150, -16, 47]
nf_elem[9, 15, 21, 48, -4, 14]
nf_elem[10, 20, 30, 65, -6, 19]
nf_elem[20, 30, 35, 95, -10, 29]
nf_elem[30, 60, 75, 165, -16, 47]
nf_elem[6, 10, 14, 31, -3, 9]
nf_elem[12, 18, 21, 54, -5, 16]
nf_elem[15, 25, 25, 70, -7, 21]
nf_elem[20, 30, 40, 100, -9, 30]
nf_elem[30, 45, 75, 180, -22, 56]
nf_elem[30, 60, 60, 180, -19, 56]
nf_elem[15, 25, 30, 75, -6, 22]
nf_elem[45, 60, 90, 195, -19, 56]
nf_elem[30, 60, 75, 195, -16, 59]
nf_elem[20, 25, 30, 80, -8, 24]
nf_elem[30, 60, 90, 210, -23, 64]
nf_elem[9, 12, 16, 40, -4, 12]
nf_elem[45, 60, 90, 225, -19, 68]
nf_elem[20, 30, 40, 95, -9, 28]
nf_elem[45, 75, 90, 240, -28, 74]
nf_elem[60, 75, 105, 270, -26, 82]
nf_elem[60, 90, 120, 300, -32, 91]
Number of roots: 86
All roots found: 
Vector{nf_elem}[[-1, 0, 0, 0, 0, 0], [1, -1, 0, 0, 0, 0], [0, 1, -1, 0, 0, 0], [0, 0, 0, 0, -1, 0], [0, 0, 0, 0, 2, -1], [1, 1, 1, 1, 0, 0], [0, 0, 5, 5, 0, 1], [0, 0, 1, 3, 0, 1], [0, 0, 0, 5, -1, 2], [0, 2, 2, 4, 0, 1], [0, 0, 3, 6, -1, 2], [0, 2, 2, 6, -1, 2], [5, 5, 5, 15, 0, 4], [1, 2, 4, 7, -1, 2], [0, 15, 15, 30, -4, 8], [3, 3, 3, 12, -2, 4], [0, 5, 10, 20, -2, 6], [2, 2, 2, 9, -1, 3], [3, 4, 4, 13, -1, 4], [10, 10, 10, 30, -4, 9], [5, 5, 10, 30, -4, 10], [4, 4, 6, 14, -1, 4], [15, 15, 30, 60, -2, 16], [5, 15, 15, 35, -4, 10], [5, 5, 10, 25, -4, 8], [4, 4, 6, 16, -2, 5], [4, 6, 7, 17, -2, 5], [3, 4, 5, 13, -2, 4], [5, 5, 15, 30, -3, 9], [3, 5, 7, 19, -2, 6], [15, 30, 30, 75, -11, 22], [3, 6, 12, 24, -2, 7], [3, 3, 7, 14, -1, 4], [4, 5, 9, 20, -2, 6], [3, 7, 8, 20, -2, 6], [5, 10, 20, 45, -5, 14], [5, 15, 15, 45, -4, 14], [10, 10, 10, 35, -4, 11], [10, 15, 25, 50, -4, 14], [10, 15, 15, 50, -6, 16], [3, 3, 7, 16, -2, 5], [30, 30, 30, 90, -7, 26], [15, 15, 25, 55, -6, 16], [15, 20, 20, 55, -5, 16], [30, 30, 45, 105, -14, 31], [15, 30, 30, 105, -11, 34], [6, 6, 7, 20, -2, 6], [2, 6, 9, 20, -2, 6], [10, 15, 15, 45, -6, 14], [15, 15, 25, 65, -6, 20], [9, 12, 12, 36, -4, 11], [30, 30, 60, 120, -11, 34], [30, 45, 45, 120, -8, 34], [15, 25, 30, 70, -6, 20], [10, 20, 30, 70, -6, 21], [5, 9, 9, 24, -2, 7], [10, 15, 25, 55, -4, 16], [30, 30, 45, 135, -14, 43], [5, 9, 9, 26, -3, 8], [15, 25, 35, 85, -10, 26], [5, 8, 11, 27, -2, 8], [30, 60, 60, 150, -14, 43], [45, 45, 60, 150, -16, 44], [15, 45, 60, 150, -14, 46], [30, 30, 60, 150, -16, 47], [9, 15, 21, 48, -4, 14], [10, 20, 30, 65, -6, 19], [20, 30, 35, 95, -10, 29], [30, 60, 75, 165, -16, 47], [6, 10, 14, 31, -3, 9], [12, 18, 21, 54, -5, 16], [15, 25, 25, 70, -7, 21], [20, 30, 40, 100, -9, 30], [30, 45, 75, 180, -22, 56], [30, 60, 60, 180, -19, 56], [15, 25, 30, 75, -6, 22], [45, 60, 90, 195, -19, 56], [30, 60, 75, 195, -16, 59], [20, 25, 30, 80, -8, 24], [30, 60, 90, 210, -23, 64], [9, 12, 16, 40, -4, 12], [45, 60, 90, 225, -19, 68], [20, 30, 40, 95, -9, 28], [45, 75, 90, 240, -28, 74], [60, 75, 105, 270, -26, 82], [60, 90, 120, 300, -32, 91]]

Has an isolated root (good) 
Starting Vinberg algorithm for no. 16
Gram matrix 
[1 0 0 0 0 0; 0 1 0 0 0 0; 0 0 1 0 0 0; 0 0 0 1 0 0; 0 0 0 0 3 0; 0 0 0 0 0 -6]
Basepoint 
nf_elem[0, 0, 0, 0, 0, 1]
Roots 
Cone roots 
5-element Vector{Vector{nf_elem}}:
 [-1, 0, 0, 0, 0, 0]
 [1, -1, 0, 0, 0, 0]
 [0, 1, -1, 0, 0, 0]
 [0, 0, 1, -1, 0, 0]
 [0, 0, 0, 0, -1, 0]
Remaining roots 
nf_elem[0, 0, 0, 0, 2, 1]
nf_elem[0, 0, 0, 3, 1, 1]
nf_elem[0, 0, 2, 2, 0, 1]
nf_elem[0, 3, 3, 3, 1, 2]
nf_elem[1, 1, 1, 1, 1, 1]
nf_elem[1, 1, 1, 2, 0, 1]
nf_elem[6, 6, 6, 6, 2, 5]
Number of roots: 12
All roots found: 
Vector{nf_elem}[[-1, 0, 0, 0, 0, 0], [1, -1, 0, 0, 0, 0], [0, 1, -1, 0, 0, 0], [0, 0, 1, -1, 0, 0], [0, 0, 0, 0, -1, 0], [0, 0, 0, 0, 2, 1], [0, 0, 0, 3, 1, 1], [0, 0, 2, 2, 0, 1], [0, 3, 3, 3, 1, 2], [1, 1, 1, 1, 1, 1], [1, 1, 1, 2, 0, 1], [6, 6, 6, 6, 2, 5]]

Has an isolated root (good) 
Starting Vinberg algorithm for no. 17
Gram matrix 
[0 -1 -1 -3 2 -6; -1 0 0 1 -1 -3; -1 0 2 -1 0 0; -3 1 -1 12 -3 -4; 2 -1 0 -3 12 -4; -6 -3 0 -4 -4 -20]
Basepoint 
nf_elem[2, 0, 1, 0, 0, 0]
Roots 
Cone roots 
5-element Vector{Vector{nf_elem}}:
 [0, 0, -1, 0, 0, 0]
 [-2, 1, -1, 0, 0, 0]
 [7, -10, 5, 3, -1, -1]
 [14, -17, 9, 4, -4, -2]
 [5, -2, 3, 1, -1, -1]
Remaining roots 
nf_elem[3, -1, 2, 0, 0, 0]
nf_elem[-4, 2, -2, -1, 1, 1]
nf_elem[-4, 6, -3, -2, 1, 1]
nf_elem[-4, 8, -3, -2, 2, 1]
nf_elem[0, 10, 2, -3, 1, 1]
nf_elem[-7, 17, -2, -4, 4, 2]
nf_elem[-8, 14, -5, -4, 3, 2]
nf_elem[-14, 42, -13, -12, 8, 5]
nf_elem[-28, 54, -21, -14, 10, 6]
nf_elem[-28, 44, -21, -14, 11, 8]
nf_elem[-42, 56, -29, -16, 13, 9]
Number of roots: 16
All roots found: 
Vector{nf_elem}[[0, 0, -1, 0, 0, 0], [-2, 1, -1, 0, 0, 0], [7, -10, 5, 3, -1, -1], [14, -17, 9, 4, -4, -2], [5, -2, 3, 1, -1, -1], [3, -1, 2, 0, 0, 0], [-4, 2, -2, -1, 1, 1], [-4, 6, -3, -2, 1, 1], [-4, 8, -3, -2, 2, 1], [0, 10, 2, -3, 1, 1], [-7, 17, -2, -4, 4, 2], [-8, 14, -5, -4, 3, 2], [-14, 42, -13, -12, 8, 5], [-28, 54, -21, -14, 10, 6], [-28, 44, -21, -14, 11, 8], [-42, 56, -29, -16, 13, 9]]

Has an isolated root (good) 
Starting Vinberg algorithm for no. 18
Gram matrix 
[0 0 0 0 0 1; 0 2 0 0 -1 -1; 0 0 2 1 0 1; 0 0 1 2 0 0; 0 -1 0 0 4 1; 1 -1 1 0 1 -6]
Basepoint 
nf_elem[0, 18, -28, 14, -6, 42]
Roots 
Cone roots 
3-element Vector{Vector{nf_elem}}:
 [0, -1, 0, 0, 0, 0]
 [0, 0, -1, 0, 0, 0]
 [0, 0, 1, -1, 0, 0]
Remaining roots 
nf_elem[-1, 1, 0, 0, 2, 0]
nf_elem[-1, 0, 1, 1, 0, 0]
nf_elem[-1, 1, 0, 0, 0, 0]
nf_elem[-6, -1, 0, 0, -2, 0]
nf_elem[4, 1, -1, 1, 0, 1]
nf_elem[3, 0, -1, 1, -1, 1]
Number of roots: 9
All roots found: 
Vector{nf_elem}[[0, -1, 0, 0, 0, 0], [0, 0, -1, 0, 0, 0], [0, 0, 1, -1, 0, 0], [-1, 1, 0, 0, 2, 0], [-1, 0, 1, 1, 0, 0], [-1, 1, 0, 0, 0, 0], [-6, -1, 0, 0, -2, 0], [4, 1, -1, 1, 0, 1], [3, 0, -1, 1, -1, 1]]

Has an isolated root (good) 
Starting Vinberg algorithm for no. 19
Gram matrix 
[1 0 0 0 0 0; 0 1 0 0 0 0; 0 0 1 0 0 0; 0 0 0 1 0 0; 0 0 0 0 -1 0; 0 0 0 0 0 14]
Basepoint 
nf_elem[0, 0, 0, 0, 1, 0]
Roots 
Cone roots 
5-element Vector{Vector{nf_elem}}:
 [-1, 0, 0, 0, 0, 0]
 [1, -1, 0, 0, 0, 0]
 [0, 1, -1, 0, 0, 0]
 [0, 0, 1, -1, 0, 0]
 [0, 0, 0, 0, 0, -1]
Remaining roots 
nf_elem[0, 1, 1, 1, 1, 0]
nf_elem[0, 0, 0, 7, 7, 1]
nf_elem[0, 0, 0, 0, 7, 2]
nf_elem[0, 0, 0, 2, 4, 1]
nf_elem[1, 1, 1, 1, 4, 1]
nf_elem[0, 0, 2, 3, 5, 1]
nf_elem[1, 1, 1, 3, 5, 1]
nf_elem[0, 7, 7, 14, 28, 6]
nf_elem[0, 0, 7, 7, 21, 5]
nf_elem[0, 14, 28, 28, 70, 15]
Number of roots: 15
All roots found: 
Vector{nf_elem}[[-1, 0, 0, 0, 0, 0], [1, -1, 0, 0, 0, 0], [0, 1, -1, 0, 0, 0], [0, 0, 1, -1, 0, 0], [0, 0, 0, 0, 0, -1], [0, 1, 1, 1, 1, 0], [0, 0, 0, 7, 7, 1], [0, 0, 0, 0, 7, 2], [0, 0, 0, 2, 4, 1], [1, 1, 1, 1, 4, 1], [0, 0, 2, 3, 5, 1], [1, 1, 1, 3, 5, 1], [0, 7, 7, 14, 28, 6], [0, 0, 7, 7, 21, 5], [0, 14, 28, 28, 70, 15]]

Has an isolated root (good) 
Starting Vinberg algorithm for no. 20
Gram matrix 
[1 0 0 0 0 0; 0 1 0 0 0 0; 0 0 1 0 0 0; 0 0 0 1 0 0; 0 0 0 0 1 0; 0 0 0 0 0 -10]
Basepoint 
nf_elem[0, 0, 0, 0, 0, 1]
Roots 
Cone roots 
5-element Vector{Vector{nf_elem}}:
 [-1, 0, 0, 0, 0, 0]
 [1, -1, 0, 0, 0, 0]
 [0, 1, -1, 0, 0, 0]
 [0, 0, 1, -1, 0, 0]
 [0, 0, 0, 1, -1, 0]
Remaining roots 
nf_elem[0, 0, 0, 5, 5, 2]
nf_elem[0, 0, 2, 2, 2, 1]
nf_elem[0, 1, 1, 1, 3, 1]
nf_elem[0, 0, 0, 0, 10, 3]
nf_elem[0, 5, 5, 5, 5, 3]
nf_elem[1, 1, 1, 2, 2, 1]
nf_elem[10, 10, 10, 10, 10, 7]
Number of roots: 12
All roots found: 
Vector{nf_elem}[[-1, 0, 0, 0, 0, 0], [1, -1, 0, 0, 0, 0], [0, 1, -1, 0, 0, 0], [0, 0, 1, -1, 0, 0], [0, 0, 0, 1, -1, 0], [0, 0, 0, 5, 5, 2], [0, 0, 2, 2, 2, 1], [0, 1, 1, 1, 3, 1], [0, 0, 0, 0, 10, 3], [0, 5, 5, 5, 5, 3], [1, 1, 1, 2, 2, 1], [10, 10, 10, 10, 10, 7]]

Has an isolated root (good) 
Starting Vinberg algorithm for no. 21
Gram matrix 
[2 1 -1 1 0 0; 1 2 -1 0 0 0; -1 -1 2 -1 0 0; 1 0 -1 2 0 0; 0 0 0 0 2 -1; 0 0 0 0 -1 -10]
Basepoint 
nf_elem[0, 0, 0, 0, 1, 2]
Roots 
Cone roots 
5-element Vector{Vector{nf_elem}}:
 [-1, 0, 0, 0, 0, 0]
 [1, -1, 0, 0, 0, 0]
 [-1, 1, -1, 0, 0, 0]
 [1, 0, 1, -1, 0, 0]
 [0, 0, 0, 0, -1, 0]
Remaining roots 
nf_elem[0, 0, 0, 0, 4, 1]
nf_elem[-3, 3, 3, 6, 4, 2]
nf_elem[0, 2, 2, 2, 2, 1]
nf_elem[-1, 2, 3, 3, 1, 1]
nf_elem[-7, 7, 7, 14, 2, 4]
nf_elem[-3, 9, 9, 12, 2, 4]
nf_elem[-1, 5, 5, 5, 2, 2]
nf_elem[0, 14, 14, 14, 3, 6]
nf_elem[-7, 14, 14, 14, 10, 6]
nf_elem[-7, 21, 21, 28, 12, 10]
nf_elem[-7, 21, 21, 21, 4, 8]
Number of roots: 16
All roots found: 
Vector{nf_elem}[[-1, 0, 0, 0, 0, 0], [1, -1, 0, 0, 0, 0], [-1, 1, -1, 0, 0, 0], [1, 0, 1, -1, 0, 0], [0, 0, 0, 0, -1, 0], [0, 0, 0, 0, 4, 1], [-3, 3, 3, 6, 4, 2], [0, 2, 2, 2, 2, 1], [-1, 2, 3, 3, 1, 1], [-7, 7, 7, 14, 2, 4], [-3, 9, 9, 12, 2, 4], [-1, 5, 5, 5, 2, 2], [0, 14, 14, 14, 3, 6], [-7, 14, 14, 14, 10, 6], [-7, 21, 21, 28, 12, 10], [-7, 21, 21, 21, 4, 8]]

Has an isolated root (good) 
Starting Vinberg algorithm for no. 22
Gram matrix 
[2 0 0 0 0 1; 0 2 1 0 0 0; 0 1 2 0 0 0; 0 0 0 2 0 1; 0 0 0 0 2 -1; 1 0 0 1 -1 -6]
Basepoint 
nf_elem[-1, 0, 0, -1, 1, 2]
Roots 
Cone roots 
5-element Vector{Vector{nf_elem}}:
 [-1, 0, 0, 0, 0, 0]
 [0, -1, 0, 0, 0, 0]
 [0, 2, -1, 0, 0, 0]
 [1, 0, 0, -1, 0, 0]
 [0, 0, 0, 1, -1, 0]
Remaining roots 
nf_elem[1, 0, 0, 1, 2, 1]
nf_elem[-1, 0, 0, -1, 6, 2]
nf_elem[-1, -2, 4, -1, 4, 2]
nf_elem[0, 0, 2, 0, 1, 1]
nf_elem[-2, -5, 10, -2, 2, 4]
nf_elem[-1, 0, 2, 1, 4, 2]
nf_elem[0, -1, 3, 1, 3, 2]
nf_elem[1, 0, 10, 1, 14, 8]
nf_elem[2, -10, 20, 2, 13, 11]
nf_elem[-7, -10, 20, 8, 22, 14]
nf_elem[-8, -5, 25, 7, 23, 16]
Number of roots: 16
All roots found: 
Vector{nf_elem}[[-1, 0, 0, 0, 0, 0], [0, -1, 0, 0, 0, 0], [0, 2, -1, 0, 0, 0], [1, 0, 0, -1, 0, 0], [0, 0, 0, 1, -1, 0], [1, 0, 0, 1, 2, 1], [-1, 0, 0, -1, 6, 2], [-1, -2, 4, -1, 4, 2], [0, 0, 2, 0, 1, 1], [-2, -5, 10, -2, 2, 4], [-1, 0, 2, 1, 4, 2], [0, -1, 3, 1, 3, 2], [1, 0, 10, 1, 14, 8], [2, -10, 20, 2, 13, 11], [-7, -10, 20, 8, 22, 14], [-8, -5, 25, 7, 23, 16]]

Has an isolated root (good) 

Commensurable lattices for bad lattices ... 

Starting Vinberg algorithm for no. 1 commensurable 
Gram matrix 
[1 0 0 0 0 0; 0 1 0 0 0 0; 0 0 1 0 0 0; 0 0 0 1 0 0; 0 0 0 0 1 0; 0 0 0 0 0 -4]
Basepoint 
nf_elem[0, 0, 0, 0, 0, 1]
Roots 
Cone roots 
5-element Vector{Vector{nf_elem}}:
 [-1, 0, 0, 0, 0, 0]
 [1, -1, 0, 0, 0, 0]
 [0, 1, -1, 0, 0, 0]
 [0, 0, 1, -1, 0, 0]
 [0, 0, 0, 1, -1, 0]
Remaining roots 
nf_elem[0, 0, 0, 2, 2, 1]
nf_elem[1, 1, 1, 1, 1, 1]
Number of roots: 7
All roots found: 
Vector{nf_elem}[[-1, 0, 0, 0, 0, 0], [1, -1, 0, 0, 0, 0], [0, 1, -1, 0, 0, 0], [0, 0, 1, -1, 0, 0], [0, 0, 0, 1, -1, 0], [0, 0, 0, 2, 2, 1], [1, 1, 1, 1, 1, 1]]

Starting Vinberg algorithm for no. 2 commensurable 
Gram matrix 
[0 -1 0 0 1 0; -1 -2 0 0 1 -2; 0 0 2 -1 1 -2; 0 0 -1 2 -1 2; 1 1 1 -1 2 0; 0 -2 -2 2 0 8]
Basepoint 
nf_elem[0, 1, 0, 0, 0, 0]
Roots 
Cone roots 
5-element Vector{Vector{nf_elem}}:
 [2, -1, 0, 0, 0, 0]
 [0, 0, -1, 0, 0, 0]
 [0, 0, 0, -1, 0, 0]
 [1, -1, 1, 1, -1, 0]
 [5, -1, -1, 1, -1, -2]
Remaining roots 
nf_elem[-2, 2, 0, 1, 1, 0]
[-4, 3, 1, 0, 1, 1]
nf_elem[-15, 11, 1, -1, 1, 2]
Number of roots: 8
All roots found: 
Vector{nf_elem}[[2, -1, 0, 0, 0, 0], [0, 0, -1, 0, 0, 0], [0, 0, 0, -1, 0, 0], [1, -1, 1, 1, -1, 0], [5, -1, -1, 1, -1, -2], [-2, 2, 0, 1, 1, 0], [-4, 3, 1, 0, 1, 1], [-15, 11, 1, -1, 1, 2]]

Starting Vinberg algorithm for no. 3 commensurable 
Gram matrix 
[1 0 0 0 0 0; 0 1 0 0 0 0; 0 0 1 0 0 0; 0 0 0 -1 0 0; 0 0 0 0 2 2; 0 0 0 0 2 8]
Basepoint 
nf_elem[0, 0, 0, 1, 0, 0]
Roots 
Cone roots 
5-element Vector{Vector{nf_elem}}:
 [-1, 0, 0, 0, 0, 0]
 [1, -1, 0, 0, 0, 0]
 [0, 1, -1, 0, 0, 0]
 [0, 0, 0, 0, -1, 0]
 [0, 0, 0, 0, 1, -1]
Remaining roots 
nf_elem[0, 0, 1, 1, 1, 0]
nf_elem[1, 1, 1, 1, 0, 0]
nf_elem[0, 0, 0, 2, 0, 1]
nf_elem[0, 0, 3, 3, -1, 1]
Number of roots: 9
All roots found: 
Vector{nf_elem}[[-1, 0, 0, 0, 0, 0], [1, -1, 0, 0, 0, 0], [0, 1, -1, 0, 0, 0], [0, 0, 0, 0, -1, 0], [0, 0, 0, 0, 1, -1], [0, 0, 1, 1, 1, 0], [1, 1, 1, 1, 0, 0], [0, 0, 0, 2, 0, 1], [0, 0, 3, 3, -1, 1]]

Starting Vinberg algorithm for no. 5 commensurable 
Gram matrix 
[0 -1 0 0 -1 -4; -1 -2 -1 1 0 0; 0 -1 2 0 0 0; 0 1 0 2 1 2; -1 0 0 1 10 4; -4 0 0 2 4 48]
Basepoint 
nf_elem[0, 1, 0, 0, 0, 0]
Roots 
Cone roots 
5-element Vector{Vector{nf_elem}}:
 [2, -1, 0, 0, 0, 0]
 [1, 0, -1, 0, 0, 0]
 [-1, 0, 0, -1, 0, 0]
 [-15, 5, 4, -1, -1, -1]
 [-11, 4, 2, -1, 0, -1]
Remaining roots 
nf_elem[0, 1, 0, 1, 0, 0]
nf_elem[12, -4, -2, 1, 1, 1]
nf_elem[8, -1, -2, 1, 0, 1]
nf_elem[25, -7, -4, 3, 1, 2]
nf_elem[87, -26, -16, 7, 4, 7]
Number of roots: 10
All roots found: 
Vector{nf_elem}[[2, -1, 0, 0, 0, 0], [1, 0, -1, 0, 0, 0], [-1, 0, 0, -1, 0, 0], [-15, 5, 4, -1, -1, -1], [-11, 4, 2, -1, 0, -1], [0, 1, 0, 1, 0, 0], [12, -4, -2, 1, 1, 1], [8, -1, -2, 1, 0, 1], [25, -7, -4, 3, 1, 2], [87, -26, -16, 7, 4, 7]]

Starting Vinberg algorithm for no. 11 commensurable 
Gram matrix 
[0 -1 0 0 0 -4; -1 0 0 0 1 -4; 0 0 2 -1 1 2; 0 0 -1 4 1 2; 0 1 1 1 4 2; -4 -4 2 2 2 -16]
Basepoint 
nf_elem[0, 40, 10, 6, -14, 0]
Roots 
Cone roots 
2-element Vector{Vector{nf_elem}}:
 [0, 0, -1, 0, 0, 0]
 [5, 8, 5, 3, -3, -2]
Remaining roots 
nf_elem[1, -2, -1, -1, 1, 0]
nf_elem[-1, 4, 1, 1, -1, 0]
nf_elem[-1, 5, 0, -1, -1, 0]
nf_elem[0, 1, 1, 0, 0, 0]
nf_elem[0, 1, 1, 0, -1, 0]
nf_elem[0, 1, 1, 1, -1, 0]
nf_elem[1, 0, 0, 1, 1, 0]
nf_elem[-5, 2, -5, -3, 3, 2]
nf_elem[-2, -2, -2, -1, 1, 1]
nf_elem[-3, 1, -1, -1, 0, 1]
nf_elem[-7, 7, 0, 0, -4, 2]
nf_elem[-3, -3, 0, -1, 0, 2]
nf_elem[-7, -2, -5, -4, 0, 3]
nf_elem[-5, 0, -1, -1, -1, 2]
nf_elem[-7, -6, -5, -3, -1, 4]
nf_elem[-8, 3, 0, 0, -1, 3]
nf_elem[-13, 14, 5, 1, -7, 4]
nf_elem[-17, 6, -5, -1, -3, 6]
nf_elem[-13, -4, -5, -7, 1, 6]
Number of roots: 21
All roots found: 
Vector{nf_elem}[[0, 0, -1, 0, 0, 0], [5, 8, 5, 3, -3, -2], [1, -2, -1, -1, 1, 0], [-1, 4, 1, 1, -1, 0], [-1, 5, 0, -1, -1, 0], [0, 1, 1, 0, 0, 0], [0, 1, 1, 0, -1, 0], [0, 1, 1, 1, -1, 0], [1, 0, 0, 1, 1, 0], [-5, 2, -5, -3, 3, 2], [-2, -2, -2, -1, 1, 1], [-3, 1, -1, -1, 0, 1], [-7, 7, 0, 0, -4, 2], [-3, -3, 0, -1, 0, 2], [-7, -2, -5, -4, 0, 3], [-5, 0, -1, -1, -1, 2], [-7, -6, -5, -3, -1, 4], [-8, 3, 0, 0, -1, 3], [-13, 14, 5, 1, -7, 4], [-17, 6, -5, -1, -3, 6], [-13, -4, -5, -7, 1, 6]]

julia> 